34739
30276
22727
22150
22314
65165
14467
52522
38056
18859
15820
54627
55089
29227
60174
27586
46312
28206
34293
22177
43395
29372
49935
24768
27483
58005
5970
15321
16854
21163
16282
47976
4541
64327
4238
24339
6213
13429
58719
54252
16578
601
31185
2436
50450
58213
50775
13930
21107
62185
43867
5414
17781
30283
9884
18785
5300
18236
12656
10967
42249
30918
46206
47978
50988
36166
40031
50457
24756
38891
42322
40550
60695
31124
64167
56741
55591
55139
2978
63613
20649
31953
45696
62047
5196
9293
59037
32143
54025
29768
3939
23643
56891
45938
48639
5625
18719
59942
8013
51728
5013
63658
6356
53721
45728
32351
27338
3036
32861
11639
49338
59938
36389
32119
43535
18552
18342
19757
36513
31536
59964
24208
55486
7430
14773
9535
28949
46781
6318
56959
61693
8907
55145
39026
30614
25934
38516
45523
9746
53972
783
31776
61851
45448
53276
21495
44460
50685
34801
34498
6954
25094
59277
19962
1651
56878
45889
40819
25658
55444
34152
27534
12720
64446
12851
32278
6964
26612
3466
47438
34049
32847
19049
62558
9816
54151
17239
54120
36983
1689
19207
26591
33493
5770
34772
44
5282
25825
50689
64987
29654
58041
24780
52769
11086
17978
47755
47502
42713
41095
58734
29098
38150
25770
23230
22020
5642
7491
554
59984
38048
46295
32713
62693
7302
32210
17089
3135
57694
41450
12622
54179
940
32482
63172
59026
65389
52919
56768
6408
19434
34225
4604
41837
48587
44891
737
29961
5815
34509
8048
60182
45033
46312
3767
48469
25233
21106
64267
1906
14460
45775
12942
59681
15679
26724
51996
33200
8798
39952
47852
52990
43957
3946
57371
47098
54145
46199
16515
53207
51772
3784
46725
62833
56629
55395
44941
10853
37603
4704
21430
60121
3160
35794
46098
2731
52035
29781
39934
697
9016
6086
37648
35140
54803
57690
3445
61380
5668
6963
55689
46755
34873
3845
32834
222
64269
39686
37848
32398
44080
34257
10820
14866
56227
51961
61674
43112
37373
21166
10604
60998
16604
32581
20016
31004
58650
20031
17717
39296
40395
30052
43624
33723
1274
35372
27890
2064
46895
26745
26263
1566
18456
24353
46579
27381
50219
13323
3525
50978
58552
34923
16827
54847
19461
7714
38248
52297
46528
46155
33211
51797
46062
49154
10622
25818
46429
62040
49999
54627
1815
60176
8397
63694
53843
29616
52215
3656
49829
21908
9929
49687
47141
8881
37643
9935
22097
53600
523
5915
15754
45700
54108
5906
39347
19628
40813
13688
28613
59582
17533
61515
44421
58253
13090
35921
40157
3527
51378
14701
40825
55011
21099
24014
20942
41707
49602
21586
44617
21425
57788
12171
64820
46895
3096
52830
15155
37928
38006
59932
51708
30282
54531
11211
19725
2530
33913
47077
20764
55162
40433
45338
2184
61205
6474
44005
62586
41970
17412
59981
43114
53944
3974
63812
4187
26406
53334
13287
20428
29157
62159
3250
46110
15687
10948
21987
34716
30451
50572
10472
15886
56968
34340
21766
22523
34061
58125
16359
2454
47143
33330
64344
46389
19785
25077
41658
23080
24134
35996
15514
26468
18556
24065
51671
53384
9210
65530
34818
43780
5974
39299
59496
881
12606
56471
19613
34825
30844
55350
13594
18343
159
48223
29206
17457
15023
11830
54074
20214
51399
53324
19408
25781
36663
16192
3887
2237
63562
19247
39036
27271
42778
5010
12725
6636
37978
39599
29874
54210
37858
47361
34133
21930
64827
13515
49959
62459
64235
24618
18940
56068
21923
36188
29057
58520
18571
1735
15031
57170
35935
64571
11511
9567
46724
2448
63989
47163
53740
64032
36401
34011
42893
10557
12495
27525
5586
8032
32789
36687
36856
42885
28214
58903
504
48399
43384
4688
57763
8751
56085
65240
52293
48695
60895
14922
14291
48019
43187
38233
8504
48172
44496
28277
19873
61733
46833
28527
23629
54825
19276
22285
8201
14821
20527
62504
15721
59825
39812
26832
64217
10188
236
34244
19597
15996
23260
59410
5634
20616
33140
1960
10135
38362
27842
38122
55060
45882
24619
4185
1998
53964
44296
6476
49362
43502
39757
25357
59263
7506
23722
57609
39231
46851
41260
36702
53744
30878
49211
15128
21643
42960
15942
284
4699
16686
23146
33428
57777
38687
55491
23895
10445
60677
18760
38235
3010
21345
63787
50467
42510
46460
45397
3379
16670
36265
34916
31141
20977
34656
52586
34782
14374
65493
23379
26726
18866
45927
12041
51610
5920
26993
40103
23055
5696
24098
63170
44241
64331
56379
26025
55546
5268
39920
20620
41235
31095
21083
24344
26684
60541
31414
19553
62097
63630
61866
37751
20253
15492
63544
16246
12981
38111
45216
46147
4126
5047
2422
14032
57749
37155
19145
62462
40443
19611
25697
43039
59213
14474
37845
16142
33876
24210
45751
31260
33684
31554
16801
3530
34024
50519
12800
45515
6402
32074
14030
16973
40323
45185
35294
36456
41190
50561
12488
33996
1557
18207
53033
41439
41895
47440
32081
22945
31127
28121
16285
32774
18696
38727
1253
48186
1962
43057
16134
62232
29381
12699
34978
25242
49163
24526
33840
16396
56168
16232
27515
60720
50278
38635
12554
59850
57942
14852
49117
12056
45072
52561
50876
36466
1366
25064
39959
27416
53414
43388
33714
60953
1845
46318
59688
55796
23993
51666
48828
59064
27183
21983
63685
3796
47334
64509
16353
13633
13382
9121
12471
55023
49939
64233
27775
6150
60092
1149
740
428
32434
48613
22983
33504
20808
47168
15015
5858
35377
21987
32195
29145
49349
55867
24901
24833
30991
20458
50278
2874
55400
6759
40104
55602
46382
38442
17244
44593
58324
39719
62628
29637
23896
54079
42143
49039
36731
53105
23678
902
35106
28063
42227
575
27700
11100
14192
27315
30090
19260
45281
36206
20984
30554
20569
6344
24844
45008
49109
65182
59678
40087
26094
58447
18696
45669
2657
23048
32924
20299
32252
10340
19886
63758
7646
10250
57111
4596
11176
44457
15573
41944
7401
49808
60360
43719
54710
20171
42850
37491
45422
29090
58252
19149
54070
30945
61499
31261
21055
60057
19860
21629
58937
41021
63193
37824
888
418
2714
58818
13657
33398
23280
1117
42521
57723
43149
1985
26173
38612
55770
33831
16550
59825
39947
44251
58472
24145
61859
13048
26542
26552
8242
29602
45301
23769
51436
64244
4749
48036
17547
31706
20755
26007
22024
23686
